7.024235228697458533e-01
1.207434553653001785e-01
7.004677334593402138e-01
2.870012431715925350e-01
6.082631118595600572e-01
3.476992785516712647e-01
5.689282706450848881e-01
3.864138677405814515e-01
2.700883507452629395e-01
2.615196311225493897e-01
2.261563741573781594e-01
1.379049020922846341e-02
-1.689895648413743678e-01
-3.260145851721366062e-01
-1.748647303216987192e-01
-1.297763819651057415e-01
-2.586533541918969448e-01
-1.310506229185395832e-01
4.016850274382976170e-03
2.323814450452725208e-02
1.219919956629238363e-02
-2.855255189492847054e-02
5.587485751164131959e-02
-4.303218077661262464e-02
-2.150808319449424785e-02
5.310065944034319391e-02
3.054316558035803306e-02
2.391485031694173813e-02
-5.084756928785093971e-02
-8.843812731405099881e-02
-8.771892633008700202e-02
-2.537182334344834089e-02
3.274576723425075275e-02
8.664972652845523426e-02
1.375108969708283835e-01
1.873678069354759446e-01
2.408368878469273888e-01
1.728570159001831530e-01
1.344570656044360990e-01
1.278967421191433973e-01
1.188553921514894918e-01
5.972347287313332920e-02
6.909569205586300888e-02
1.099219286927219652e-01
8.592015115751160115e-02
3.217736456165279368e-02
-1.636500638110417738e-02
-3.266833011164433503e-02
-6.021104856920080073e-02
-1.556876095632712086e-02
2.249565085067468592e-02
5.821319428296425208e-02
3.940768218921415766e-02
-3.442287376081501916e-03
3.084193149750882879e-02
6.425046288807477468e-02
1.012295108746018302e-01
1.458604836558130835e-01
1.784113073711004749e-01
1.806577289063069636e-01
1.704231535435700162e-01
1.528571801440369582e-01
1.806932595317010393e-01
1.412848012793498642e-01
1.059347356550204428e-01
1.329539329980057860e-01
1.394486067566408916e-01
1.324719700998827632e-01
1.634209244399542904e-01
1.449865717795633113e-01
1.341485805599622327e-01
1.590579038106456899e-01
1.247533289503016951e-01
9.110719628363579681e-02
5.903216009338696502e-02
8.333620865290101987e-02
1.066147978397416901e-01
8.978849615997229472e-02
1.056548079577930843e-01
1.277938007532308518e-01
1.491962022956752065e-01
1.701317167106440320e-01
1.903954489852290599e-01
1.793287698445575618e-01
1.670186039717758419e-01
1.644340514876814763e-01
1.523457424593839538e-01
1.722598262554542459e-01
1.440136402929096948e-01
1.321610315392414692e-01
1.515552448893422999e-01
1.279439508671993686e-01
1.467597674057688761e-01
1.667548647771278925e-01
1.829434063220233275e-01
1.701070607200058094e-01
1.667499020823703104e-01
1.408164674403513394e-01
1.154213018765553878e-01
9.058518994599580598e-02
1.084648495533875462e-01
1.258240485186475632e-01
1.038916028891373605e-01
1.003165857699245961e-01
9.680073548640523440e-02
1.002753131771050160e-01
7.706024921339620082e-02
9.393188967886897944e-02
1.103539946588718984e-01
1.263521792649319742e-01
1.165319568737670092e-01
9.917130076237731795e-02
1.100321179448151693e-01
1.048544737570292762e-01
1.206303224939367091e-01
9.936024829873750519e-02
1.147259876153238073e-01
1.297582143675641286e-01
1.450608208963350132e-01
1.364828286795980450e-01
1.222109089274544397e-01
1.322247689600036524e-01
1.465824891618758286e-01
1.269220031136947258e-01
1.208481401503086056e-01
1.104869466353818885e-01
1.087152528383443922e-01
8.975566821754910052e-02
7.087846711585996107e-02
8.587468517705415527e-02
6.852063717694986678e-02
6.111108330125459426e-02
7.514952424736250081e-02
7.542744715378355003e-02
7.328440325311671999e-02
8.686711952345919918e-02
9.999054778195065607e-02
1.127856624929081397e-01
1.254556213976810997e-01
1.080269473560509230e-01
1.087966267433431444e-01
1.228252143419824305e-01
1.131753032909823403e-01
1.274366015137207708e-01
1.103275946416388958e-01
1.127189327643750433e-01
1.248192574212205058e-01
1.081679332414054590e-01
9.450456739238710657e-02
1.076895907769600536e-01
1.136067408912097704e-01
1.124693693086635665e-01
1.242857360421052992e-01
1.084759980359505799e-01
1.023792617343446260e-01
1.138767502549239696e-01
1.010385657366040940e-01
1.085290441580336745e-01
1.133129327973854683e-01
9.789392860451091860e-02
8.250119238629104179e-02
6.731746335793670211e-02
5.248369333659944069e-02
6.372553097250742427e-02
7.495691281828013863e-02
6.289752479268603813e-02
6.863413973453040551e-02
8.121307755243920012e-02
7.311547254405077745e-02
7.732703363632455196e-02
6.316402274933707872e-02
7.381610381019901301e-02
8.429137939633891963e-02
9.462604742368747879e-02
1.056772391498088798e-01
9.196088219654154072e-02
8.545530992235617074e-02
8.430871941595712016e-02
7.096305777434974704e-02
5.749788244979248814e-02
4.405286128102745002e-02
5.509037024344935057e-02
6.647310908782026739e-02
7.881854284905652486e-02
9.136695651723457379e-02
1.037837562208000497e-01
1.132798384469991954e-01
1.225278878927970605e-01
1.321724903896266956e-01
1.429952002865703398e-01
1.486308330679751155e-01
1.361172084838876417e-01
1.273510462840912738e-01
1.373782611141602106e-01
1.399131604303152088e-01
1.418838136620363399e-01
1.439500870198868743e-01
1.528021509160196745e-01
1.462432793598977820e-01
1.499953793051342077e-01
