-4.318212270736694336e-01
-1.027990877628326416e+00
-1.283287074830796959e+00
-5.869022707144418982e-01
-8.161824862162272431e-01
-2.153571579191419783e-01
6.140227544875372090e-02
1.036041999856631007e-01
1.786749120111818800e-01
-3.118405739466349139e-03
2.421874476201606452e-01
4.016256117158465977e-01
5.022874352259513175e-01
3.457817158528736501e-01
3.946182555622524957e-01
2.435859926044940948e-01
1.353368163108825684e-01
4.038850135273403669e-02
-5.112138651964957120e-02
-1.349654148022333688e-01
-2.187104783360920290e-01
-2.929004204995704352e-01
-2.942436169023099346e-01
-1.871718975404898233e-01
-2.115970146656036277e-01
-1.158369485384378728e-01
-1.363730353337747059e-01
-5.299338379076549282e-02
-1.200331528296415817e-01
-1.726463367541631044e-01
-2.265527962997395395e-01
-2.800399794553716792e-01
-3.283775584264235214e-01
-3.369061409258374828e-01
-2.539451076870872792e-01
-1.868599388334486189e-01
-2.360831864245303002e-01
-2.763903810266862826e-01
-2.507894966337416154e-01
-2.282923659930626570e-01
-2.797524484434747993e-01
-3.116427405722557720e-01
-3.461118290821711407e-01
-3.786093783423756243e-01
-4.121387783024046403e-01
-4.453098878696344909e-01
-4.755135336032150217e-01
-5.046816212642524224e-01
-5.318899398961034475e-01
-5.572980913519859358e-01
-5.821718601814283023e-01
-6.050566229491661785e-01
-6.268065344050245402e-01
-6.499305309520827523e-01
-6.706091896151051834e-01
-6.913849570389304366e-01
-7.107476882244411209e-01
-6.940236860864806845e-01
-6.702069325193678040e-01
-6.225539556704461353e-01
-5.737920906598288351e-01
-5.281807740108781513e-01
-4.844766840949733533e-01
-4.590125357014282481e-01
-4.859481860334292636e-01
-5.058986038778616745e-01
-5.234790156637110226e-01
-5.110820755636429347e-01
-4.922556965949310692e-01
-4.730483454873873894e-01
-4.899917255667313731e-01
-5.083649359488239261e-01
-5.253017958015475664e-01
-5.416696868618732230e-01
-5.592500794844494916e-01
-5.761147567169054851e-01
-5.944438251178889576e-01
-6.100839541620041162e-01
-6.222690154841554744e-01
-6.347773509332910180e-01
-6.134176903898701516e-01
-5.746016388122991980e-01
-5.798052469994049440e-01
-5.920683455003040718e-01
-5.550638158750884621e-01
-5.274233718352147049e-01
-5.430937596307746640e-01
-5.337865658203195807e-01
-5.475195792158332742e-01
-5.613613025664730971e-01
-5.761076245429642695e-01
-5.919210879145648807e-01
-6.031542493758128565e-01
-6.155305626002925967e-01
-6.282185879388921812e-01
-6.396183701322620818e-01
-6.521033932138042832e-01
-6.642958017725015818e-01
-6.741944554164654990e-01
-6.853800418662527871e-01
-6.964531089102375949e-01
-7.080169591529209550e-01
-7.187283647376260243e-01
-7.282248524029572012e-01
-7.388697289935652890e-01
-7.491242734410759052e-01
-7.594259066269312131e-01
-7.694535055542709445e-01
-7.783772535906927637e-01
-7.684989984457691881e-01
-7.550372879773199486e-01
-7.285237386102034751e-01
-7.011441146366979016e-01
-6.751545774995496574e-01
-6.529208262059568169e-01
-6.429934575457939561e-01
-6.547351143458205458e-01
-6.384755755369525554e-01
-6.112248916074591865e-01
-5.885735649356825805e-01
-6.008977852402557218e-01
-6.099927853843797321e-01
-6.207075282315493991e-01
-6.320238051064792639e-01
-6.415814013630152246e-01
-6.514453649984071060e-01
-6.616976331684767398e-01
-6.697714429804667580e-01
-6.793531393656357942e-01
-6.884841865597245425e-01
-6.978806528871827064e-01
-7.055289641615342111e-01
-7.139563427673172313e-01
-7.219015720314276852e-01
-7.300480611668325182e-01
-7.223849328846543294e-01
-7.110794038894765468e-01
-7.002260732702947355e-01
-7.069183666866531990e-01
-7.150161072123972783e-01
-6.909124804946900067e-01
-6.735718719215250117e-01
-6.666463863121948608e-01
-6.490398258600315051e-01
-6.279842244696686171e-01
-6.079748296923085382e-01
-5.880114334316548508e-01
-5.887226010840553858e-01
-5.982764980211954242e-01
-5.857127771981888165e-01
-5.938933597832392053e-01
-5.900189607575732076e-01
-5.802600089428147090e-01
-5.809135064603639931e-01
-5.906707962794649491e-01
-5.695800332105758201e-01
-5.521848838728894426e-01
-5.408278345110736351e-01
-5.355296602093886360e-01
-5.287208600086159560e-01
-5.117671098020197817e-01
-5.221065384117357100e-01
-5.289646763247884964e-01
-5.091090651297169867e-01
-4.926405187319926604e-01
-4.790898880558500106e-01
-4.700926859452279616e-01
-4.582045881986795410e-01
-4.611224770303484766e-01
-4.451939512226803508e-01
-4.554038151888064045e-01
-4.448909537267488612e-01
-4.276871248928970082e-01
-4.226915324320909551e-01
-4.302028519305444720e-01
-4.234792661363551147e-01
-4.092179524574473537e-01
-3.993037751095246390e-01
-3.907495804329500499e-01
-3.862319427608680300e-01
-3.968744117791381254e-01
-3.963386065020347848e-01
-4.065543011554286768e-01
-4.134303661890769144e-01
-4.207436623972072853e-01
-4.279140131545439152e-01
-4.356084858129484205e-01
-4.430072113228297193e-01
-4.507755762361038698e-01
-4.524223785746838700e-01
-4.365968872834363745e-01
-4.385068257330304586e-01
-4.238576932368612882e-01
-4.250679569239579902e-01
-4.110402164389240220e-01
-4.195976942667454801e-01
-4.258180433210492222e-01
-4.325169513614198213e-01
-4.397272372856120826e-01
-4.471971654982674904e-01
