-1.426512539386749268e+00
-4.779035424192746295e-01
-8.575109094381332397e-01
-3.465994683404763355e-01
-6.128674735625584402e-01
-2.941983333892292385e-01
-4.920492619276046753e-01
-2.840872102727492465e-01
-1.510875175396601267e-01
-1.220748302837212917e-01
-3.870886341301781053e-02
1.485042211651388111e-01
3.149540336229480486e-01
4.584289877675473690e-01
2.887052645078963531e-01
2.526266975134300874e-01
3.607409517372063834e-01
2.284752552535522785e-01
1.117175087953607288e-01
1.616368535750855873e-01
1.765601851253045806e-01
2.106908025699808784e-01
1.229156263145631672e-01
2.205989285139366984e-01
1.807356761768460218e-01
9.444069469538636519e-02
1.263592955943795004e-01
1.453109559591948263e-01
2.084879483331808503e-01
2.428599541748149571e-01
2.510814172796584365e-01
1.813120276541061171e-01
1.238761555845614010e-01
7.231585823419485470e-02
2.279802897412861948e-02
-2.359982501042799663e-02
-7.196211764958125590e-02
5.310828711739496409e-03
3.470253686094258716e-02
4.538865334276730862e-02
5.455509309346476959e-02
1.063862572727163197e-01
8.685583358110729457e-02
4.364310946865854191e-02
6.956262210108063448e-02
1.203710892190481829e-01
1.621508409916456173e-01
1.805658480896252249e-01
2.054663908439783304e-01
1.543778327821443419e-01
1.188931819386293276e-01
8.441084582442179296e-02
1.055824850076727550e-01
1.518174060074221621e-01
1.088753978157359498e-01
7.644976566578927379e-02
4.172497009313855948e-02
4.912295194085815678e-03
-2.286007413430149807e-02
-2.355383305758651860e-02
-5.985754050945486793e-03
8.193402258198588181e-03
-1.901721349478792747e-02
2.033962656423682347e-02
5.105706947879531249e-02
2.109855268329306754e-02
1.311114925047873921e-02
2.392948570195585489e-02
-1.250417259013379169e-02
1.252893725454452475e-02
2.204812585459278718e-02
-3.823489453039925247e-03
3.512479567083798271e-02
6.468412526547573371e-02
9.391717014834284616e-02
6.658060147565904308e-02
4.398158158566722181e-02
6.448690960796661653e-02
4.994339610446039968e-02
3.066629647704151654e-02
9.412914435973260621e-03
-1.076286324163580783e-02
-3.092475368802147587e-02
-1.728006649119336047e-02
-2.391551188467180237e-03
1.340517570271856918e-03
1.177193593926071161e-02
-7.503890758733067733e-03
2.256149107813556001e-02
3.009071602417087016e-02
1.194558026364598603e-02
3.654932229192522225e-02
1.451714607756785132e-02
-4.467210146195605205e-03
-1.762312474382812452e-02
-6.652520052739419043e-03
-1.229509879287677982e-03
2.194322857112452826e-02
4.574537356086200851e-02
6.792372463736683075e-02
4.745491462369317431e-02
3.120822881750178260e-02
5.630171683414998685e-02
5.941611450637141606e-02
6.372272522292203589e-02
5.669550521375388979e-02
7.799925061952427130e-02
5.815726416156753731e-02
4.209282209196723440e-02
2.564017021831012030e-02
3.710293240548746124e-02
5.483579927074190563e-02
3.978508419513834132e-02
4.432725500914013600e-02
2.520452629579939680e-02
4.846912600795354187e-02
2.791527511991933122e-02
1.373009774907088185e-02
-6.478242287122062612e-04
8.777892049086707602e-03
2.441502204210562951e-02
1.673471841909776256e-02
3.252290893634112584e-03
2.422084903454198995e-02
2.806474061578046603e-02
4.175749349934646665e-02
4.418628617622027965e-02
6.219598844734264276e-02
7.919361617300178791e-02
6.337413886962726950e-02
8.303361607653428345e-02
8.841118667848117674e-02
7.233519990127422472e-02
7.358568139271885744e-02
7.954213541754906469e-02
6.319641142727050465e-02
5.013245601369744481e-02
3.838198782965694666e-02
2.571304735456949458e-02
4.538016868994288605e-02
4.294483004106636886e-02
3.105874740679998719e-02
4.161444623995434744e-02
2.542928404286444455e-02
4.544832999138937596e-02
3.968253682201253185e-02
2.654443838166483868e-02
4.336496131922153163e-02
5.530516324701934688e-02
4.069811097258934501e-02
4.180374009464430524e-02
4.107675555774461390e-02
3.008196087192550189e-02
4.684153623144808598e-02
5.093672145574268395e-02
4.075206343187681018e-02
5.508353576799306095e-02
4.821914740763078716e-02
4.660058400923297595e-02
6.283273875224040794e-02
7.643594237842368799e-02
9.062595111850305085e-02
1.038317210299588012e-01
9.152773051249735170e-02
8.105081023117456651e-02
9.444439846356179891e-02
8.786790960570244058e-02
7.689380200616373340e-02
8.668471198117189136e-02
8.104500178736748217e-02
9.452753101415287129e-02
8.208903062258068872e-02
7.168432299119149864e-02
6.148198799162026690e-02
5.066163691572866945e-02
6.526577962174059944e-02
7.069335867911809290e-02
7.334467097397999458e-02
8.529288729482474574e-02
9.768715664861331305e-02
1.098354759423328525e-01
9.817494652434972935e-02
8.754118119221955541e-02
7.695473156767863865e-02
6.617162150956443223e-02
5.631321570999259923e-02
4.778904422513045869e-02
3.968098726473333338e-02
3.105384635553112838e-02
2.179403502278115870e-02
1.884611682852272568e-02
3.172939587494107150e-02
3.883643264191917466e-02
2.826607492172797040e-02
2.189218125390147637e-02
1.418545785004951716e-02
5.811593492280781557e-03
-3.131915587709035824e-03
4.638906828931398281e-03
2.615459292937884987e-03
