-1.211581389109293694e+00
1.464062134424845285e-01
2.422388924492729911e-01
-4.060052235921223773e-01
-7.968179225921631081e-01
-1.021246088875664704e+00
-9.936410841487702816e-01
-8.616649657487869263e-01
-8.636679031230785064e-01
-5.863509575525919226e-01
-7.437015663493763418e-01
-8.736826115184359587e-01
-8.076915469689246452e-01
-6.070633676080476882e-01
-7.213549087444941499e-01
-8.237957460805773735e-01
-6.628076542241900793e-01
-6.598680110441313973e-01
-6.293611675500869751e-01
-5.713753404716650497e-01
-6.550319216081074147e-01
-6.029718755321069601e-01
-6.754282525052195396e-01
-5.665499801850981676e-01
-4.582243587573369137e-01
-3.480687128045620304e-01
-2.418261974314112606e-01
-2.199463079727831394e-01
-1.411208888922614590e-01
-2.144120959772004009e-01
-2.831214475695804644e-01
-3.229538587232430591e-01
-3.130789549663813287e-01
-2.459956080305810144e-01
-1.843440010434105325e-01
-1.266064401026125441e-01
-6.989644883989214186e-02
-1.246109970828943037e-02
-2.459121769310062752e-02
-2.741724401712417741e-02
2.042371422294678857e-02
6.576535011094714056e-02
1.091508648192235642e-01
1.548194338877995901e-01
2.043020853289851391e-01
2.456469099590743721e-01
2.912160500567010368e-01
3.341096337470743638e-01
3.759436197832328186e-01
4.118169701099395619e-01
4.500287650457394650e-01
4.850910753011703491e-01
5.192536786667205639e-01
5.529818656267943000e-01
5.826980731704017868e-01
5.758083618822551486e-01
5.650071505217524326e-01
5.145281053137504834e-01
5.384143112742968418e-01
5.609212352169884452e-01
5.831016048056180123e-01
6.072561952375596928e-01
6.329726207823980211e-01
6.586503218859434128e-01
6.682754308749467853e-01
6.438586615552805981e-01
5.989340786910175574e-01
5.970183984906065611e-01
5.543884678163389923e-01
5.544676252773830250e-01
5.336570501887182294e-01
5.554848282977387086e-01
5.785694037942581414e-01
5.996124183272456554e-01
6.217465191417270720e-01
6.434671870971980789e-01
6.635729567313091160e-01
6.850797725029480478e-01
7.044739474224138709e-01
7.252386343975861793e-01
7.449831091818005513e-01
7.633378105919536027e-01
7.829972622863738962e-01
8.002061434681453367e-01
8.181658910770042148e-01
8.353740076224008826e-01
8.518412859960534655e-01
8.686223208452715783e-01
8.843039530939823534e-01
9.000892782652819557e-01
9.153894664167048223e-01
9.301574042309885826e-01
9.450527359080570511e-01
9.592827585994774253e-01
9.735617062501740193e-01
9.870928399678733367e-01
1.000830936882504130e+00
1.013817430961699628e+00
1.027180311856446426e+00
1.039491105675697247e+00
1.052430763299709193e+00
1.064350252642350947e+00
1.076740901254141569e+00
1.088117725383012768e+00
1.100005527337392097e+00
1.111111013207045639e+00
1.122579543947059388e+00
1.133183197290809074e+00
1.144269692241598690e+00
1.154561600360003437e+00
1.165237715115418293e+00
1.175109724026350833e+00
1.185393564644816378e+00
1.195054454935921662e+00
1.204952163108880869e+00
1.214171404639879936e+00
1.223742699521219723e+00
1.232679193134361695e+00
1.241999773585162004e+00
1.250534727672735880e+00
1.259506742323725614e+00
1.267897332138051114e+00
1.276583597104400836e+00
1.284652252190856547e+00
1.292977485497792456e+00
1.300806385341775506e+00
1.308867527587520119e+00
1.316595479069898600e+00
1.324432425874764396e+00
1.331762758126625590e+00
1.339375245813801740e+00
1.346519030555330065e+00
1.353868897845571739e+00
1.360835278063864173e+00
1.368327201295782114e+00
1.375068932625592932e+00
1.382048071300896463e+00
1.388659787494779252e+00
1.395333980056021606e+00
1.401999634078570756e+00
1.408483941927023864e+00
1.414656535420619310e+00
1.421071699866048199e+00
1.427148604144652611e+00
1.433357184919817673e+00
1.439174277461282792e+00
1.445230854746976323e+00
1.450864016875490492e+00
1.456776161188513941e+00
1.462268657022052443e+00
1.468030737856892198e+00
1.473333967751578211e+00
1.479032505961025423e+00
1.484260661648465485e+00
1.489807974779477684e+00
1.494849043396803134e+00
1.500231552908628085e+00
1.505403148348321452e+00
1.510556050941379347e+00
1.515498784060279602e+00
1.520556617597615512e+00
1.525343208523934679e+00
1.530315357605128712e+00
1.534819222441533793e+00
1.539740605667383910e+00
1.544300940979915548e+00
1.549116740326681452e+00
1.553545968281844214e+00
1.558196040888039535e+00
1.562523328907349462e+00
1.566993060283958350e+00
1.571166561439979903e+00
1.575662901291268403e+00
1.579732189575831169e+00
1.584146245207105341e+00
1.588080393432667714e+00
1.592263048314778828e+00
1.596177842621499643e+00
1.600263701137883743e+00
1.604125570257504796e+00
1.608058905623455326e+00
1.611782149844990464e+00
1.615704533289473277e+00
1.619393215555211762e+00
1.623241704111700656e+00
1.627176978575286093e+00
1.630962016004504633e+00
1.634452058385450046e+00
1.638130388878009880e+00
1.641496662403407747e+00
1.645108696781943936e+00
1.648412275128066540e+00
1.651956088699413350e+00
1.655176131893269398e+00
1.658679146542508365e+00
1.661911952556396121e+00
1.665315215256815140e+00
1.668385574612954558e+00
1.671762527832433731e+00
1.674805221458276039e+00
