-9.930762201547622681e-01
-1.421898432075977325e+00
-1.062199028001891143e+00
-2.459832765161991119e-01
2.623252123594284058e-01
5.756335034966468811e-01
6.179670854693367632e-01
5.831103846430778503e-01
6.181620602254513930e-01
3.847176651159922023e-01
5.694391023028980703e-01
7.024617675277922135e-01
6.518161390454341175e-01
4.801287510920138613e-01
6.258478669656647453e-01
7.235463685356080532e-01
5.593714201275039599e-01
5.863814024185692864e-01
5.951088290138725201e-01
5.195144513932367092e-01
6.032086383433096222e-01
5.422709258837681290e-01
6.129499604466600582e-01
4.998903042481591119e-01
4.120032961914936731e-01
3.244940485470952374e-01
2.408304876521413784e-01
2.386450663519402438e-01
1.654601996957228149e-01
2.531392252072691695e-01
3.145161465571452153e-01
3.522962652108010961e-01
3.537400558101709280e-01
2.820113973838149213e-01
2.263451695974384170e-01
1.760174549805621214e-01
1.254498781888066239e-01
7.722702627315332358e-02
9.247638379088324312e-02
1.128736087897171531e-01
6.091014148924893401e-02
1.812409022675147072e-02
-2.198581832150618351e-02
-6.345014236020771192e-02
-1.034772529232281246e-01
-1.400427611652707571e-01
-1.754278807590405054e-01
-2.105961922788992524e-01
-2.443275898314860306e-01
-2.746678535764415785e-01
-3.055917352462321213e-01
-3.350865963774805056e-01
-3.636809138217999560e-01
-3.906239087773877849e-01
-4.163304343932505702e-01
-4.048910639137916490e-01
-3.852352987626316838e-01
-3.406907254615905711e-01
-3.716306076569240724e-01
-3.909714271314442269e-01
-4.120167529342767532e-01
-4.327353517554940465e-01
-4.545884015403254264e-01
-4.768959330103825778e-01
-4.792868159902401448e-01
-4.541113808224297443e-01
-4.076864373550486143e-01
-4.135547208362350124e-01
-3.743963067010405155e-01
-3.800644225662662690e-01
-3.607966623885530688e-01
-3.858218494871700210e-01
-4.043982522604672170e-01
-4.228918389626988295e-01
-4.408241937888993101e-01
-4.585300802596305458e-01
-4.748001705968018515e-01
-4.922730202794584620e-01
-5.081271142836361054e-01
-5.242513436513642766e-01
-5.400473760908522936e-01
-5.552036915792197824e-01
-5.706017245669441351e-01
-5.849022329267528075e-01
-5.993322328901757867e-01
-6.133340156759864437e-01
-6.264820640970920618e-01
-6.396969772141539723e-01
-6.524615831087144935e-01
-6.646276159143006401e-01
-6.768237311706875037e-01
-6.888055920978819469e-01
-7.004370196692405459e-01
-7.120184867464481870e-01
-7.234325081371424382e-01
-7.346718140308641232e-01
-7.454593528535767843e-01
-7.561993650382473620e-01
-7.673875999320235453e-01
-7.769920689612627163e-01
-7.870798794300642998e-01
-7.968927916699375391e-01
-8.067618425947562510e-01
-8.162141464029749605e-01
-8.259395817679072715e-01
-8.349813049272546417e-01
-8.443232420773892910e-01
-8.530761465936163024e-01
-8.619602334198601667e-01
-8.704170233146710789e-01
-8.790235092287307372e-01
-8.869371331474256159e-01
-8.952665317331092165e-01
-9.032469847353926662e-01
-9.115830057557078314e-01
-9.190249750283600028e-01
-9.267746242999690409e-01
-9.338570158655024045e-01
-9.412312216075862104e-01
-9.482708241169651719e-01
-9.552732429187488217e-01
-9.622590218370403736e-01
-9.694993488470390330e-01
-9.760463765511909751e-01
-9.829789109826088112e-01
-9.894636518385990787e-01
-9.962062919194617505e-01
-1.002302831562701613e+00
-1.008555033313981664e+00
-1.014731515275362206e+00
-1.020839838789771248e+00
-1.026797777079422103e+00
-1.033066019285143522e+00
-1.038620062932297916e+00
-1.044792208756193608e+00
-1.050432153685274095e+00
-1.056134677480752071e+00
-1.061467392055164716e+00
-1.066761443279772958e+00
-1.071870317256876426e+00
-1.077301095757219551e+00
-1.082490114731268216e+00
-1.087748769471000632e+00
-1.092479766708695177e+00
-1.097633679622206149e+00
-1.102507178284670042e+00
-1.107556010775960775e+00
-1.112176535013425394e+00
-1.117095183389432256e+00
-1.121547750019364909e+00
-1.126299551698414225e+00
-1.130733990796694677e+00
-1.135199789047111274e+00
-1.139454924102340394e+00
-1.143941960716119421e+00
-1.147802175794783830e+00
-1.152224986843622512e+00
-1.156489130235296869e+00
-1.160902023237331271e+00
-1.164994304052864527e+00
-1.169099992276101840e+00
-1.172968198656422656e+00
-1.176966664417511632e+00
-1.180785116065687257e+00
-1.184964792580917692e+00
-1.188681844412442734e+00
-1.192647018282118498e+00
-1.196041874631884605e+00
-1.199743747402577609e+00
-1.203185551233735717e+00
-1.206824754108811071e+00
-1.210052665279701678e+00
-1.213470441915511122e+00
-1.216939035888718434e+00
-1.220320698349248723e+00
-1.223396988458592682e+00
-1.226690341453655408e+00
-1.229839676705080986e+00
-1.233228270942605453e+00
-1.236487646387131045e+00
-1.239853361844467594e+00
-1.242891327297185322e+00
-1.245868187933780291e+00
-1.248841423203871814e+00
-1.252077165098340661e+00
-1.255062794960420947e+00
-1.258235459380290022e+00
-1.261092076421523878e+00
-1.264060219904207472e+00
-1.267069536905016891e+00
-1.270042664444571479e+00
-1.272677187225781381e+00
-1.275788832346495427e+00
-1.278667803418492843e+00
-1.281515137902182300e+00
-1.284053399385947758e+00
-1.286904704285858125e+00
-1.289555480321147973e+00
-1.292813481135883569e+00
-1.295401059923072751e+00
